{
  "models": [
    [
      [
        0.70710677,
        0.0,
        0.70710677,
        0.0
      ],
      [
        0.0,
        1.0,
        0.0,
        0.0
      ],
      [
        -0.70710677,
        0.0,
        0.70710677,
        0.0
      ],
      [
        4.0,
        0.0,
        -6.0,
        1.0
      ]
    ],
    [
      [
        1.1924881e-8,
        0.0,
        -1.0,
        0.0
      ],
      [
        0.0,
        1.0,
        0.0,
        0.0
      ],
      [
        1.0,
        0.0,
        1.1924881e-8,
        0.0
      ],
      [
        1.5,
        0.0,
        -2.0,
        1.0
      ]
    ],
    [
      [
        -0.50000006,
        0.0,
        0.8660254,
        0.0
      ],
      [
        0.0,
        1.0,
        0.0,
        0.0
      ],
      [
        -0.8660254,
        0.0,
        -0.50000006,
        0.0
      ],
      [
        -3.0,
        0.0,
        -5.0,
        1.0
      ]
    ]
  ],
  "by_kind": {
    "birch": [
      [
        [
          1.1924881e-8,
          0.0,
          -1.0,
          0.0
        ],
        [
          0.0,
          1.0,
          0.0,
          0.0
        ],
        [
          1.0,
          0.0,
          1.1924881e-8,
          0.0
        ],
        [
          1.5,
          0.0,
          -2.0,
          1.0
        ]
      ]
    ],
    "common": [
      [
        [
          0.70710677,
          0.0,
          0.70710677,
          0.0
        ],
        [
          0.0,
          1.0,
          0.0,
          0.0
        ],
        [
          -0.70710677,
          0.0,
          0.70710677,
          0.0
        ],
        [
          4.0,
          0.0,
          -6.0,
          1.0
        ]
      ],
      [
        [
          -0.50000006,
          0.0,
          0.8660254,
          0.0
        ],
        [
          0.0,
          1.0,
          0.0,
          0.0
        ],
        [
          -0.8660254,
          0.0,
          -0.50000006,
          0.0
        ],
        [
          -3.0,
          0.0,
          -5.0,
          1.0
        ]
      ]
    ]
  }
}