{
  "models": [
    [
      [
        1.0,
        0.0,
        0.0,
        0.0
      ],
      [
        0.0,
        1.0,
        0.0,
        0.0
      ],
      [
        -0.0,
        0.0,
        1.0,
        0.0
      ],
      [
        -40.0,
        0.0,
        -20.0,
        1.0
      ]
    ],
    [
      [
        0.70710677,
        0.0,
        0.70710677,
        0.0
      ],
      [
        0.0,
        1.0,
        0.0,
        0.0
      ],
      [
        -0.70710677,
        0.0,
        0.70710677,
        0.0
      ],
      [
        -20.0,
        0.0,
        -20.0,
        1.0
      ]
    ],
    [
      [
        -4.371139e-8,
        0.0,
        1.0,
        0.0
      ],
      [
        0.0,
        1.0,
        0.0,
        0.0
      ],
      [
        -1.0,
        0.0,
        -4.371139e-8,
        0.0
      ],
      [
        0.0,
        0.0,
        -20.0,
        1.0
      ]
    ],
    [
      [
        -0.70710677,
        0.0,
        0.70710677,
        0.0
      ],
      [
        0.0,
        1.0,
        0.0,
        0.0
      ],
      [
        -0.70710677,
        0.0,
        -0.70710677,
        0.0
      ],
      [
        20.0,
        0.0,
        -20.0,
        1.0
      ]
    ],
    [
      [
        -1.0,
        0.0,
        -8.742278e-8,
        0.0
      ],
      [
        0.0,
        1.0,
        0.0,
        0.0
      ],
      [
        8.742278e-8,
        0.0,
        -1.0,
        0.0
      ],
      [
        40.0,
        0.0,
        -20.0,
        1.0
      ]
    ],
    [
      [
        1.0,
        0.0,
        0.0,
        0.0
      ],
      [
        0.0,
        1.0,
        0.0,
        0.0
      ],
      [
        -0.0,
        0.0,
        1.0,
        0.0
      ],
      [
        -40.0,
        0.0,
        -40.0,
        1.0
      ]
    ],
    [
      [
        0.70710677,
        0.0,
        0.70710677,
        0.0
      ],
      [
        0.0,
        1.0,
        0.0,
        0.0
      ],
      [
        -0.70710677,
        0.0,
        0.70710677,
        0.0
      ],
      [
        -20.0,
        0.0,
        -40.0,
        1.0
      ]
    ],
    [
      [
        -4.371139e-8,
        0.0,
        1.0,
        0.0
      ],
      [
        0.0,
        1.0,
        0.0,
        0.0
      ],
      [
        -1.0,
        0.0,
        -4.371139e-8,
        0.0
      ],
      [
        0.0,
        0.0,
        -40.0,
        1.0
      ]
    ],
    [
      [
        -0.70710677,
        0.0,
        0.70710677,
        0.0
      ],
      [
        0.0,
        1.0,
        0.0,
        0.0
      ],
      [
        -0.70710677,
        0.0,
        -0.70710677,
        0.0
      ],
      [
        20.0,
        0.0,
        -40.0,
        1.0
      ]
    ],
    [
      [
        -1.0,
        0.0,
        -8.742278e-8,
        0.0
      ],
      [
        0.0,
        1.0,
        0.0,
        0.0
      ],
      [
        8.742278e-8,
        0.0,
        -1.0,
        0.0
      ],
      [
        40.0,
        0.0,
        -40.0,
        1.0
      ]
    ],
    [
      [
        1.0,
        0.0,
        0.0,
        0.0
      ],
      [
        0.0,
        1.0,
        0.0,
        0.0
      ],
      [
        -0.0,
        0.0,
        1.0,
        0.0
      ],
      [
        -40.0,
        0.0,
        -60.0,
        1.0
      ]
    ],
    [
      [
        0.70710677,
        0.0,
        0.70710677,
        0.0
      ],
      [
        0.0,
        1.0,
        0.0,
        0.0
      ],
      [
        -0.70710677,
        0.0,
        0.70710677,
        0.0
      ],
      [
        -20.0,
        0.0,
        -60.0,
        1.0
      ]
    ],
    [
      [
        -4.371139e-8,
        0.0,
        1.0,
        0.0
      ],
      [
        0.0,
        1.0,
        0.0,
        0.0
      ],
      [
        -1.0,
        0.0,
        -4.371139e-8,
        0.0
      ],
      [
        0.0,
        0.0,
        -60.0,
        1.0
      ]
    ],
    [
      [
        -0.70710677,
        0.0,
        0.70710677,
        0.0
      ],
      [
        0.0,
        1.0,
        0.0,
        0.0
      ],
      [
        -0.70710677,
        0.0,
        -0.70710677,
        0.0
      ],
      [
        20.0,
        0.0,
        -60.0,
        1.0
      ]
    ],
    [
      [
        -1.0,
        0.0,
        -8.742278e-8,
        0.0
      ],
      [
        0.0,
        1.0,
        0.0,
        0.0
      ],
      [
        8.742278e-8,
        0.0,
        -1.0,
        0.0
      ],
      [
        40.0,
        0.0,
        -60.0,
        1.0
      ]
    ],
    [
      [
        1.0,
        0.0,
        0.0,
        0.0
      ],
      [
        0.0,
        1.0,
        0.0,
        0.0
      ],
      [
        -0.0,
        0.0,
        1.0,
        0.0
      ],
      [
        -40.0,
        0.0,
        -80.0,
        1.0
      ]
    ],
    [
      [
        0.70710677,
        0.0,
        0.70710677,
        0.0
      ],
      [
        0.0,
        1.0,
        0.0,
        0.0
      ],
      [
        -0.70710677,
        0.0,
        0.70710677,
        0.0
      ],
      [
        -20.0,
        0.0,
        -80.0,
        1.0
      ]
    ],
    [
      [
        -4.371139e-8,
        0.0,
        1.0,
        0.0
      ],
      [
        0.0,
        1.0,
        0.0,
        0.0
      ],
      [
        -1.0,
        0.0,
        -4.371139e-8,
        0.0
      ],
      [
        0.0,
        0.0,
        -80.0,
        1.0
      ]
    ],
    [
      [
        -0.70710677,
        0.0,
        0.70710677,
        0.0
      ],
      [
        0.0,
        1.0,
        0.0,
        0.0
      ],
      [
        -0.70710677,
        0.0,
        -0.70710677,
        0.0
      ],
      [
        20.0,
        0.0,
        -80.0,
        1.0
      ]
    ],
    [
      [
        -1.0,
        0.0,
        -8.742278e-8,
        0.0
      ],
      [
        0.0,
        1.0,
        0.0,
        0.0
      ],
      [
        8.742278e-8,
        0.0,
        -1.0,
        0.0
      ],
      [
        40.0,
        0.0,
        -80.0,
        1.0
      ]
    ],
    [
      [
        1.0,
        0.0,
        0.0,
        0.0
      ],
      [
        0.0,
        1.0,
        0.0,
        0.0
      ],
      [
        -0.0,
        0.0,
        1.0,
        0.0
      ],
      [
        -40.0,
        0.0,
        -100.0,
        1.0
      ]
    ],
    [
      [
        0.70710677,
        0.0,
        0.70710677,
        0.0
      ],
      [
        0.0,
        1.0,
        0.0,
        0.0
      ],
      [
        -0.70710677,
        0.0,
        0.70710677,
        0.0
      ],
      [
        -20.0,
        0.0,
        -100.0,
        1.0
      ]
    ],
    [
      [
        -4.371139e-8,
        0.0,
        1.0,
        0.0
      ],
      [
        0.0,
        1.0,
        0.0,
        0.0
      ],
      [
        -1.0,
        0.0,
        -4.371139e-8,
        0.0
      ],
      [
        0.0,
        0.0,
        -100.0,
        1.0
      ]
    ],
    [
      [
        -0.70710677,
        0.0,
        0.70710677,
        0.0
      ],
      [
        0.0,
        1.0,
        0.0,
        0.0
      ],
      [
        -0.70710677,
        0.0,
        -0.70710677,
        0.0
      ],
      [
        20.0,
        0.0,
        -100.0,
        1.0
      ]
    ],
    [
      [
        -1.0,
        0.0,
        -8.742278e-8,
        0.0
      ],
      [
        0.0,
        1.0,
        0.0,
        0.0
      ],
      [
        8.742278e-8,
        0.0,
        -1.0,
        0.0
      ],
      [
        40.0,
        0.0,
        -100.0,
        1.0
      ]
    ],
    [
      [
        1.0,
        0.0,
        0.0,
        0.0
      ],
      [
        0.0,
        1.0,
        0.0,
        0.0
      ],
      [
        -0.0,
        0.0,
        1.0,
        0.0
      ],
      [
        -40.0,
        0.0,
        -120.0,
        1.0
      ]
    ],
    [
      [
        0.70710677,
        0.0,
        0.70710677,
        0.0
      ],
      [
        0.0,
        1.0,
        0.0,
        0.0
      ],
      [
        -0.70710677,
        0.0,
        0.70710677,
        0.0
      ],
      [
        -20.0,
        0.0,
        -120.0,
        1.0
      ]
    ],
    [
      [
        -4.371139e-8,
        0.0,
        1.0,
        0.0
      ],
      [
        0.0,
        1.0,
        0.0,
        0.0
      ],
      [
        -1.0,
        0.0,
        -4.371139e-8,
        0.0
      ],
      [
        0.0,
        0.0,
        -120.0,
        1.0
      ]
    ],
    [
      [
        -0.70710677,
        0.0,
        0.70710677,
        0.0
      ],
      [
        0.0,
        1.0,
        0.0,
        0.0
      ],
      [
        -0.70710677,
        0.0,
        -0.70710677,
        0.0
      ],
      [
        20.0,
        0.0,
        -120.0,
        1.0
      ]
    ],
    [
      [
        -1.0,
        0.0,
        -8.742278e-8,
        0.0
      ],
      [
        0.0,
        1.0,
        0.0,
        0.0
      ],
      [
        8.742278e-8,
        0.0,
        -1.0,
        0.0
      ],
      [
        40.0,
        0.0,
        -120.0,
        1.0
      ]
    ],
    [
      [
        1.0,
        0.0,
        0.0,
        0.0
      ],
      [
        0.0,
        1.0,
        0.0,
        0.0
      ],
      [
        -0.0,
        0.0,
        1.0,
        0.0
      ],
      [
        -40.0,
        0.0,
        -140.0,
        1.0
      ]
    ],
    [
      [
        0.70710677,
        0.0,
        0.70710677,
        0.0
      ],
      [
        0.0,
        1.0,
        0.0,
        0.0
      ],
      [
        -0.70710677,
        0.0,
        0.70710677,
        0.0
      ],
      [
        -20.0,
        0.0,
        -140.0,
        1.0
      ]
    ],
    [
      [
        -4.371139e-8,
        0.0,
        1.0,
        0.0
      ],
      [
        0.0,
        1.0,
        0.0,
        0.0
      ],
      [
        -1.0,
        0.0,
        -4.371139e-8,
        0.0
      ],
      [
        0.0,
        0.0,
        -140.0,
        1.0
      ]
    ],
    [
      [
        -0.70710677,
        0.0,
        0.70710677,
        0.0
      ],
      [
        0.0,
        1.0,
        0.0,
        0.0
      ],
      [
        -0.70710677,
        0.0,
        -0.70710677,
        0.0
      ],
      [
        20.0,
        0.0,
        -140.0,
        1.0
      ]
    ],
    [
      [
        -1.0,
        0.0,
        -8.742278e-8,
        0.0
      ],
      [
        0.0,
        1.0,
        0.0,
        0.0
      ],
      [
        8.742278e-8,
        0.0,
        -1.0,
        0.0
      ],
      [
        40.0,
        0.0,
        -140.0,
        1.0
      ]
    ],
    [
      [
        1.0,
        0.0,
        0.0,
        0.0
      ],
      [
        0.0,
        1.0,
        0.0,
        0.0
      ],
      [
        -0.0,
        0.0,
        1.0,
        0.0
      ],
      [
        -40.0,
        0.0,
        -160.0,
        1.0
      ]
    ],
    [
      [
        0.70710677,
        0.0,
        0.70710677,
        0.0
      ],
      [
        0.0,
        1.0,
        0.0,
        0.0
      ],
      [
        -0.70710677,
        0.0,
        0.70710677,
        0.0
      ],
      [
        -20.0,
        0.0,
        -160.0,
        1.0
      ]
    ],
    [
      [
        -4.371139e-8,
        0.0,
        1.0,
        0.0
      ],
      [
        0.0,
        1.0,
        0.0,
        0.0
      ],
      [
        -1.0,
        0.0,
        -4.371139e-8,
        0.0
      ],
      [
        0.0,
        0.0,
        -160.0,
        1.0
      ]
    ],
    [
      [
        -0.70710677,
        0.0,
        0.70710677,
        0.0
      ],
      [
        0.0,
        1.0,
        0.0,
        0.0
      ],
      [
        -0.70710677,
        0.0,
        -0.70710677,
        0.0
      ],
      [
        20.0,
        0.0,
        -160.0,
        1.0
      ]
    ],
    [
      [
        -1.0,
        0.0,
        -8.742278e-8,
        0.0
      ],
      [
        0.0,
        1.0,
        0.0,
        0.0
      ],
      [
        8.742278e-8,
        0.0,
        -1.0,
        0.0
      ],
      [
        40.0,
        0.0,
        -160.0,
        1.0
      ]
    ]
  ],
  "by_kind": {
    "quaternius.tallthick_3": [
      [
        [
          -4.371139e-8,
          0.0,
          1.0,
          0.0
        ],
        [
          0.0,
          1.0,
          0.0,
          0.0
        ],
        [
          -1.0,
          0.0,
          -4.371139e-8,
          0.0
        ],
        [
          0.0,
          0.0,
          -140.0,
          1.0
        ]
      ]
    ],
    "quaternius.pine_4": [
      [
        [
          -0.70710677,
          0.0,
          0.70710677,
          0.0
        ],
        [
          0.0,
          1.0,
          0.0,
          0.0
        ],
        [
          -0.70710677,
          0.0,
          -0.70710677,
          0.0
        ],
        [
          20.0,
          0.0,
          -120.0,
          1.0
        ]
      ]
    ],
    "quaternius.giantpine_3": [
      [
        [
          -4.371139e-8,
          0.0,
          1.0,
          0.0
        ],
        [
          0.0,
          1.0,
          0.0,
          0.0
        ],
        [
          -1.0,
          0.0,
          -4.371139e-8,
          0.0
        ],
        [
          0.0,
          0.0,
          -100.0,
          1.0
        ]
      ]
    ],
    "quaternius.deadtree_2": [
      [
        [
          0.70710677,
          0.0,
          0.70710677,
          0.0
        ],
        [
          0.0,
          1.0,
          0.0,
          0.0
        ],
        [
          -0.70710677,
          0.0,
          0.70710677,
          0.0
        ],
        [
          -20.0,
          0.0,
          -80.0,
          1.0
        ]
      ]
    ],
    "quaternius.tallthick_4": [
      [
        [
          -0.70710677,
          0.0,
          0.70710677,
          0.0
        ],
        [
          0.0,
          1.0,
          0.0,
          0.0
        ],
        [
          -0.70710677,
          0.0,
          -0.70710677,
          0.0
        ],
        [
          20.0,
          0.0,
          -140.0,
          1.0
        ]
      ]
    ],
    "quaternius.twistedtree_3": [
      [
        [
          -4.371139e-8,
          0.0,
          1.0,
          0.0
        ],
        [
          0.0,
          1.0,
          0.0,
          0.0
        ],
        [
          -1.0,
          0.0,
          -4.371139e-8,
          0.0
        ],
        [
          0.0,
          0.0,
          -160.0,
          1.0
        ]
      ]
    ],
    "quaternius.pine_5": [
      [
        [
          -1.0,
          0.0,
          -8.742278e-8,
          0.0
        ],
        [
          0.0,
          1.0,
          0.0,
          0.0
        ],
        [
          8.742278e-8,
          0.0,
          -1.0,
          0.0
        ],
        [
          40.0,
          0.0,
          -120.0,
          1.0
        ]
      ]
    ],
    "quaternius.giantpine_2": [
      [
        [
          0.70710677,
          0.0,
          0.70710677,
          0.0
        ],
        [
          0.0,
          1.0,
          0.0,
          0.0
        ],
        [
          -0.70710677,
          0.0,
          0.70710677,
          0.0
        ],
        [
          -20.0,
          0.0,
          -100.0,
          1.0
        ]
      ]
    ],
    "quaternius.commontree_4": [
      [
        [
          -0.70710677,
          0.0,
          0.70710677,
          0.0
        ],
        [
          0.0,
          1.0,
          0.0,
          0.0
        ],
        [
          -0.70710677,
          0.0,
          -0.70710677,
          0.0
        ],
        [
          20.0,
          0.0,
          -60.0,
          1.0
        ]
      ]
    ],
    "quaternius.commontree_3": [
      [
        [
          -4.371139e-8,
          0.0,
          1.0,
          0.0
        ],
        [
          0.0,
          1.0,
          0.0,
          0.0
        ],
        [
          -1.0,
          0.0,
          -4.371139e-8,
          0.0
        ],
        [
          0.0,
          0.0,
          -60.0,
          1.0
        ]
      ]
    ],
    "quaternius.giantpine_1": [
      [
        [
          1.0,
          0.0,
          0.0,
          0.0
        ],
        [
          0.0,
          1.0,
          0.0,
          0.0
        ],
        [
          -0.0,
          0.0,
          1.0,
          0.0
        ],
        [
          -40.0,
          0.0,
          -100.0,
          1.0
        ]
      ]
    ],
    "quaternius.giantpine_4": [
      [
        [
          -0.70710677,
          0.0,
          0.70710677,
          0.0
        ],
        [
          0.0,
          1.0,
          0.0,
          0.0
        ],
        [
          -0.70710677,
          0.0,
          -0.70710677,
          0.0
        ],
        [
          20.0,
          0.0,
          -100.0,
          1.0
        ]
      ]
    ],
    "quaternius.twistedtree_1": [
      [
        [
          1.0,
          0.0,
          0.0,
          0.0
        ],
        [
          0.0,
          1.0,
          0.0,
          0.0
        ],
        [
          -0.0,
          0.0,
          1.0,
          0.0
        ],
        [
          -40.0,
          0.0,
          -160.0,
          1.0
        ]
      ]
    ],
    "quaternius.deadtree_1": [
      [
        [
          1.0,
          0.0,
          0.0,
          0.0
        ],
        [
          0.0,
          1.0,
          0.0,
          0.0
        ],
        [
          -0.0,
          0.0,
          1.0,
          0.0
        ],
        [
          -40.0,
          0.0,
          -80.0,
          1.0
        ]
      ]
    ],
    "quaternius.pine_2": [
      [
        [
          0.70710677,
          0.0,
          0.70710677,
          0.0
        ],
        [
          0.0,
          1.0,
          0.0,
          0.0
        ],
        [
          -0.70710677,
          0.0,
          0.70710677,
          0.0
        ],
        [
          -20.0,
          0.0,
          -120.0,
          1.0
        ]
      ]
    ],
    "quaternius.commontree_5": [
      [
        [
          -1.0,
          0.0,
          -8.742278e-8,
          0.0
        ],
        [
          0.0,
          1.0,
          0.0,
          0.0
        ],
        [
          8.742278e-8,
          0.0,
          -1.0,
          0.0
        ],
        [
          40.0,
          0.0,
          -60.0,
          1.0
        ]
      ]
    ],
    "quaternius.deadtree_3": [
      [
        [
          -4.371139e-8,
          0.0,
          1.0,
          0.0
        ],
        [
          0.0,
          1.0,
          0.0,
          0.0
        ],
        [
          -1.0,
          0.0,
          -4.371139e-8,
          0.0
        ],
        [
          0.0,
          0.0,
          -80.0,
          1.0
        ]
      ]
    ],
    "quaternius.twistedtree_2": [
      [
        [
          0.70710677,
          0.0,
          0.70710677,
          0.0
        ],
        [
          0.0,
          1.0,
          0.0,
          0.0
        ],
        [
          -0.70710677,
          0.0,
          0.70710677,
          0.0
        ],
        [
          -20.0,
          0.0,
          -160.0,
          1.0
        ]
      ]
    ],
    "quaternius.twistedtree_5": [
      [
        [
          -1.0,
          0.0,
          -8.742278e-8,
          0.0
        ],
        [
          0.0,
          1.0,
          0.0,
          0.0
        ],
        [
          8.742278e-8,
          0.0,
          -1.0,
          0.0
        ],
        [
          40.0,
          0.0,
          -160.0,
          1.0
        ]
      ]
    ],
    "quaternius.commontree_2": [
      [
        [
          0.70710677,
          0.0,
          0.70710677,
          0.0
        ],
        [
          0.0,
          1.0,
          0.0,
          0.0
        ],
        [
          -0.70710677,
          0.0,
          0.70710677,
          0.0
        ],
        [
          -20.0,
          0.0,
          -60.0,
          1.0
        ]
      ]
    ],
    "quaternius.giantpine_5": [
      [
        [
          -1.0,
          0.0,
          -8.742278e-8,
          0.0
        ],
        [
          0.0,
          1.0,
          0.0,
          0.0
        ],
        [
          8.742278e-8,
          0.0,
          -1.0,
          0.0
        ],
        [
          40.0,
          0.0,
          -100.0,
          1.0
        ]
      ]
    ],
    "quaternius.tallthick_1": [
      [
        [
          1.0,
          0.0,
          0.0,
          0.0
        ],
        [
          0.0,
          1.0,
          0.0,
          0.0
        ],
        [
          -0.0,
          0.0,
          1.0,
          0.0
        ],
        [
          -40.0,
          0.0,
          -140.0,
          1.0
        ]
      ]
    ],
    "quaternius.deadtree_4": [
      [
        [
          -0.70710677,
          0.0,
          0.70710677,
          0.0
        ],
        [
          0.0,
          1.0,
          0.0,
          0.0
        ],
        [
          -0.70710677,
          0.0,
          -0.70710677,
          0.0
        ],
        [
          20.0,
          0.0,
          -80.0,
          1.0
        ]
      ]
    ],
    "quaternius.birch_5": [
      [
        [
          -1.0,
          0.0,
          -8.742278e-8,
          0.0
        ],
        [
          0.0,
          1.0,
          0.0,
          0.0
        ],
        [
          8.742278e-8,
          0.0,
          -1.0,
          0.0
        ],
        [
          40.0,
          0.0,
          -20.0,
          1.0
        ]
      ]
    ],
    "quaternius.birch_3": [
      [
        [
          -4.371139e-8,
          0.0,
          1.0,
          0.0
        ],
        [
          0.0,
          1.0,
          0.0,
          0.0
        ],
        [
          -1.0,
          0.0,
          -4.371139e-8,
          0.0
        ],
        [
          0.0,
          0.0,
          -20.0,
          1.0
        ]
      ]
    ],
    "quaternius.cherryblossom_2": [
      [
        [
          0.70710677,
          0.0,
          0.70710677,
          0.0
        ],
        [
          0.0,
          1.0,
          0.0,
          0.0
        ],
        [
          -0.70710677,
          0.0,
          0.70710677,
          0.0
        ],
        [
          -20.0,
          0.0,
          -40.0,
          1.0
        ]
      ]
    ],
    "quaternius.deadtree_5": [
      [
        [
          -1.0,
          0.0,
          -8.742278e-8,
          0.0
        ],
        [
          0.0,
          1.0,
          0.0,
          0.0
        ],
        [
          8.742278e-8,
          0.0,
          -1.0,
          0.0
        ],
        [
          40.0,
          0.0,
          -80.0,
          1.0
        ]
      ]
    ],
    "quaternius.commontree_1": [
      [
        [
          1.0,
          0.0,
          0.0,
          0.0
        ],
        [
          0.0,
          1.0,
          0.0,
          0.0
        ],
        [
          -0.0,
          0.0,
          1.0,
          0.0
        ],
        [
          -40.0,
          0.0,
          -60.0,
          1.0
        ]
      ]
    ],
    "quaternius.cherryblossom_5": [
      [
        [
          -1.0,
          0.0,
          -8.742278e-8,
          0.0
        ],
        [
          0.0,
          1.0,
          0.0,
          0.0
        ],
        [
          8.742278e-8,
          0.0,
          -1.0,
          0.0
        ],
        [
          40.0,
          0.0,
          -40.0,
          1.0
        ]
      ]
    ],
    "quaternius.tallthick_2": [
      [
        [
          0.70710677,
          0.0,
          0.70710677,
          0.0
        ],
        [
          0.0,
          1.0,
          0.0,
          0.0
        ],
        [
          -0.70710677,
          0.0,
          0.70710677,
          0.0
        ],
        [
          -20.0,
          0.0,
          -140.0,
          1.0
        ]
      ]
    ],
    "quaternius.pine_3": [
      [
        [
          -4.371139e-8,
          0.0,
          1.0,
          0.0
        ],
        [
          0.0,
          1.0,
          0.0,
          0.0
        ],
        [
          -1.0,
          0.0,
          -4.371139e-8,
          0.0
        ],
        [
          0.0,
          0.0,
          -120.0,
          1.0
        ]
      ]
    ],
    "quaternius.cherryblossom_4": [
      [
        [
          -0.70710677,
          0.0,
          0.70710677,
          0.0
        ],
        [
          0.0,
          1.0,
          0.0,
          0.0
        ],
        [
          -0.70710677,
          0.0,
          -0.70710677,
          0.0
        ],
        [
          20.0,
          0.0,
          -40.0,
          1.0
        ]
      ]
    ],
    "quaternius.birch_4": [
      [
        [
          -0.70710677,
          0.0,
          0.70710677,
          0.0
        ],
        [
          0.0,
          1.0,
          0.0,
          0.0
        ],
        [
          -0.70710677,
          0.0,
          -0.70710677,
          0.0
        ],
        [
          20.0,
          0.0,
          -20.0,
          1.0
        ]
      ]
    ],
    "quaternius.cherryblossom_3": [
      [
        [
          -4.371139e-8,
          0.0,
          1.0,
          0.0
        ],
        [
          0.0,
          1.0,
          0.0,
          0.0
        ],
        [
          -1.0,
          0.0,
          -4.371139e-8,
          0.0
        ],
        [
          0.0,
          0.0,
          -40.0,
          1.0
        ]
      ]
    ],
    "quaternius.twistedtree_4": [
      [
        [
          -0.70710677,
          0.0,
          0.70710677,
          0.0
        ],
        [
          0.0,
          1.0,
          0.0,
          0.0
        ],
        [
          -0.70710677,
          0.0,
          -0.70710677,
          0.0
        ],
        [
          20.0,
          0.0,
          -160.0,
          1.0
        ]
      ]
    ],
    "quaternius.birch_1": [
      [
        [
          1.0,
          0.0,
          0.0,
          0.0
        ],
        [
          0.0,
          1.0,
          0.0,
          0.0
        ],
        [
          -0.0,
          0.0,
          1.0,
          0.0
        ],
        [
          -40.0,
          0.0,
          -20.0,
          1.0
        ]
      ]
    ],
    "quaternius.birch_2": [
      [
        [
          0.70710677,
          0.0,
          0.70710677,
          0.0
        ],
        [
          0.0,
          1.0,
          0.0,
          0.0
        ],
        [
          -0.70710677,
          0.0,
          0.70710677,
          0.0
        ],
        [
          -20.0,
          0.0,
          -20.0,
          1.0
        ]
      ]
    ],
    "quaternius.tallthick_5": [
      [
        [
          -1.0,
          0.0,
          -8.742278e-8,
          0.0
        ],
        [
          0.0,
          1.0,
          0.0,
          0.0
        ],
        [
          8.742278e-8,
          0.0,
          -1.0,
          0.0
        ],
        [
          40.0,
          0.0,
          -140.0,
          1.0
        ]
      ]
    ],
    "quaternius.pine_1": [
      [
        [
          1.0,
          0.0,
          0.0,
          0.0
        ],
        [
          0.0,
          1.0,
          0.0,
          0.0
        ],
        [
          -0.0,
          0.0,
          1.0,
          0.0
        ],
        [
          -40.0,
          0.0,
          -120.0,
          1.0
        ]
      ]
    ],
    "quaternius.cherryblossom_1": [
      [
        [
          1.0,
          0.0,
          0.0,
          0.0
        ],
        [
          0.0,
          1.0,
          0.0,
          0.0
        ],
        [
          -0.0,
          0.0,
          1.0,
          0.0
        ],
        [
          -40.0,
          0.0,
          -40.0,
          1.0
        ]
      ]
    ]
  }
}