{
  "models": [
    [
      [
        1.0,
        0.0,
        0.0,
        0.0
      ],
      [
        0.0,
        1.0,
        0.0,
        0.0
      ],
      [
        -0.0,
        0.0,
        1.0,
        0.0
      ],
      [
        -8.0,
        0.0,
        -4.0,
        1.0
      ]
    ],
    [
      [
        0.8660254,
        0.0,
        0.5,
        0.0
      ],
      [
        0.0,
        1.0,
        0.0,
        0.0
      ],
      [
        -0.5,
        0.0,
        0.8660254,
        0.0
      ],
      [
        -4.0,
        0.0,
        -4.0,
        1.0
      ]
    ],
    [
      [
        0.49999997,
        0.0,
        0.86602545,
        0.0
      ],
      [
        0.0,
        1.0,
        0.0,
        0.0
      ],
      [
        -0.86602545,
        0.0,
        0.49999997,
        0.0
      ],
      [
        0.0,
        0.0,
        -4.0,
        1.0
      ]
    ],
    [
      [
        -4.371139e-8,
        0.0,
        1.0,
        0.0
      ],
      [
        0.0,
        1.0,
        0.0,
        0.0
      ],
      [
        -1.0,
        0.0,
        -4.371139e-8,
        0.0
      ],
      [
        4.0,
        0.0,
        -4.0,
        1.0
      ]
    ],
    [
      [
        -0.50000006,
        0.0,
        0.8660254,
        0.0
      ],
      [
        0.0,
        1.0,
        0.0,
        0.0
      ],
      [
        -0.8660254,
        0.0,
        -0.50000006,
        0.0
      ],
      [
        8.0,
        0.0,
        -4.0,
        1.0
      ]
    ],
    [
      [
        1.0,
        0.0,
        0.0,
        0.0
      ],
      [
        0.0,
        1.0,
        0.0,
        0.0
      ],
      [
        -0.0,
        0.0,
        1.0,
        0.0
      ],
      [
        -8.0,
        0.0,
        -8.0,
        1.0
      ]
    ],
    [
      [
        0.8660254,
        0.0,
        0.5,
        0.0
      ],
      [
        0.0,
        1.0,
        0.0,
        0.0
      ],
      [
        -0.5,
        0.0,
        0.8660254,
        0.0
      ],
      [
        -4.0,
        0.0,
        -8.0,
        1.0
      ]
    ],
    [
      [
        0.49999997,
        0.0,
        0.86602545,
        0.0
      ],
      [
        0.0,
        1.0,
        0.0,
        0.0
      ],
      [
        -0.86602545,
        0.0,
        0.49999997,
        0.0
      ],
      [
        0.0,
        0.0,
        -8.0,
        1.0
      ]
    ],
    [
      [
        -4.371139e-8,
        0.0,
        1.0,
        0.0
      ],
      [
        0.0,
        1.0,
        0.0,
        0.0
      ],
      [
        -1.0,
        0.0,
        -4.371139e-8,
        0.0
      ],
      [
        4.0,
        0.0,
        -8.0,
        1.0
      ]
    ],
    [
      [
        -0.50000006,
        0.0,
        0.8660254,
        0.0
      ],
      [
        0.0,
        1.0,
        0.0,
        0.0
      ],
      [
        -0.8660254,
        0.0,
        -0.50000006,
        0.0
      ],
      [
        8.0,
        0.0,
        -8.0,
        1.0
      ]
    ],
    [
      [
        1.0,
        0.0,
        0.0,
        0.0
      ],
      [
        0.0,
        1.0,
        0.0,
        0.0
      ],
      [
        -0.0,
        0.0,
        1.0,
        0.0
      ],
      [
        -8.0,
        0.0,
        -12.0,
        1.0
      ]
    ],
    [
      [
        0.8660254,
        0.0,
        0.5,
        0.0
      ],
      [
        0.0,
        1.0,
        0.0,
        0.0
      ],
      [
        -0.5,
        0.0,
        0.8660254,
        0.0
      ],
      [
        -4.0,
        0.0,
        -12.0,
        1.0
      ]
    ],
    [
      [
        0.49999997,
        0.0,
        0.86602545,
        0.0
      ],
      [
        0.0,
        1.0,
        0.0,
        0.0
      ],
      [
        -0.86602545,
        0.0,
        0.49999997,
        0.0
      ],
      [
        0.0,
        0.0,
        -12.0,
        1.0
      ]
    ],
    [
      [
        -4.371139e-8,
        0.0,
        1.0,
        0.0
      ],
      [
        0.0,
        1.0,
        0.0,
        0.0
      ],
      [
        -1.0,
        0.0,
        -4.371139e-8,
        0.0
      ],
      [
        4.0,
        0.0,
        -12.0,
        1.0
      ]
    ],
    [
      [
        -0.50000006,
        0.0,
        0.8660254,
        0.0
      ],
      [
        0.0,
        1.0,
        0.0,
        0.0
      ],
      [
        -0.8660254,
        0.0,
        -0.50000006,
        0.0
      ],
      [
        8.0,
        0.0,
        -12.0,
        1.0
      ]
    ],
    [
      [
        1.0,
        0.0,
        0.0,
        0.0
      ],
      [
        0.0,
        1.0,
        0.0,
        0.0
      ],
      [
        -0.0,
        0.0,
        1.0,
        0.0
      ],
      [
        -8.0,
        0.0,
        -16.0,
        1.0
      ]
    ],
    [
      [
        0.8660254,
        0.0,
        0.5,
        0.0
      ],
      [
        0.0,
        1.0,
        0.0,
        0.0
      ],
      [
        -0.5,
        0.0,
        0.8660254,
        0.0
      ],
      [
        -4.0,
        0.0,
        -16.0,
        1.0
      ]
    ],
    [
      [
        0.49999997,
        0.0,
        0.86602545,
        0.0
      ],
      [
        0.0,
        1.0,
        0.0,
        0.0
      ],
      [
        -0.86602545,
        0.0,
        0.49999997,
        0.0
      ],
      [
        0.0,
        0.0,
        -16.0,
        1.0
      ]
    ],
    [
      [
        -4.371139e-8,
        0.0,
        1.0,
        0.0
      ],
      [
        0.0,
        1.0,
        0.0,
        0.0
      ],
      [
        -1.0,
        0.0,
        -4.371139e-8,
        0.0
      ],
      [
        4.0,
        0.0,
        -16.0,
        1.0
      ]
    ],
    [
      [
        -0.50000006,
        0.0,
        0.8660254,
        0.0
      ],
      [
        0.0,
        1.0,
        0.0,
        0.0
      ],
      [
        -0.8660254,
        0.0,
        -0.50000006,
        0.0
      ],
      [
        8.0,
        0.0,
        -16.0,
        1.0
      ]
    ],
    [
      [
        1.0,
        0.0,
        0.0,
        0.0
      ],
      [
        0.0,
        1.0,
        0.0,
        0.0
      ],
      [
        -0.0,
        0.0,
        1.0,
        0.0
      ],
      [
        -8.0,
        0.0,
        -20.0,
        1.0
      ]
    ],
    [
      [
        0.8660254,
        0.0,
        0.5,
        0.0
      ],
      [
        0.0,
        1.0,
        0.0,
        0.0
      ],
      [
        -0.5,
        0.0,
        0.8660254,
        0.0
      ],
      [
        -4.0,
        0.0,
        -20.0,
        1.0
      ]
    ],
    [
      [
        0.49999997,
        0.0,
        0.86602545,
        0.0
      ],
      [
        0.0,
        1.0,
        0.0,
        0.0
      ],
      [
        -0.86602545,
        0.0,
        0.49999997,
        0.0
      ],
      [
        0.0,
        0.0,
        -20.0,
        1.0
      ]
    ],
    [
      [
        -4.371139e-8,
        0.0,
        1.0,
        0.0
      ],
      [
        0.0,
        1.0,
        0.0,
        0.0
      ],
      [
        -1.0,
        0.0,
        -4.371139e-8,
        0.0
      ],
      [
        4.0,
        0.0,
        -20.0,
        1.0
      ]
    ],
    [
      [
        -0.50000006,
        0.0,
        0.8660254,
        0.0
      ],
      [
        0.0,
        1.0,
        0.0,
        0.0
      ],
      [
        -0.8660254,
        0.0,
        -0.50000006,
        0.0
      ],
      [
        8.0,
        0.0,
        -20.0,
        1.0
      ]
    ],
    [
      [
        1.0,
        0.0,
        0.0,
        0.0
      ],
      [
        0.0,
        1.0,
        0.0,
        0.0
      ],
      [
        -0.0,
        0.0,
        1.0,
        0.0
      ],
      [
        -8.0,
        0.0,
        -24.0,
        1.0
      ]
    ],
    [
      [
        0.8660254,
        0.0,
        0.5,
        0.0
      ],
      [
        0.0,
        1.0,
        0.0,
        0.0
      ],
      [
        -0.5,
        0.0,
        0.8660254,
        0.0
      ],
      [
        -4.0,
        0.0,
        -24.0,
        1.0
      ]
    ],
    [
      [
        0.49999997,
        0.0,
        0.86602545,
        0.0
      ],
      [
        0.0,
        1.0,
        0.0,
        0.0
      ],
      [
        -0.86602545,
        0.0,
        0.49999997,
        0.0
      ],
      [
        0.0,
        0.0,
        -24.0,
        1.0
      ]
    ],
    [
      [
        -4.371139e-8,
        0.0,
        1.0,
        0.0
      ],
      [
        0.0,
        1.0,
        0.0,
        0.0
      ],
      [
        -1.0,
        0.0,
        -4.371139e-8,
        0.0
      ],
      [
        4.0,
        0.0,
        -24.0,
        1.0
      ]
    ],
    [
      [
        -0.50000006,
        0.0,
        0.8660254,
        0.0
      ],
      [
        0.0,
        1.0,
        0.0,
        0.0
      ],
      [
        -0.8660254,
        0.0,
        -0.50000006,
        0.0
      ],
      [
        8.0,
        0.0,
        -24.0,
        1.0
      ]
    ],
    [
      [
        1.0,
        0.0,
        0.0,
        0.0
      ],
      [
        0.0,
        1.0,
        0.0,
        0.0
      ],
      [
        -0.0,
        0.0,
        1.0,
        0.0
      ],
      [
        -8.0,
        0.0,
        -28.0,
        1.0
      ]
    ],
    [
      [
        0.8660254,
        0.0,
        0.5,
        0.0
      ],
      [
        0.0,
        1.0,
        0.0,
        0.0
      ],
      [
        -0.5,
        0.0,
        0.8660254,
        0.0
      ],
      [
        -4.0,
        0.0,
        -28.0,
        1.0
      ]
    ],
    [
      [
        0.49999997,
        0.0,
        0.86602545,
        0.0
      ],
      [
        0.0,
        1.0,
        0.0,
        0.0
      ],
      [
        -0.86602545,
        0.0,
        0.49999997,
        0.0
      ],
      [
        0.0,
        0.0,
        -28.0,
        1.0
      ]
    ],
    [
      [
        -4.371139e-8,
        0.0,
        1.0,
        0.0
      ],
      [
        0.0,
        1.0,
        0.0,
        0.0
      ],
      [
        -1.0,
        0.0,
        -4.371139e-8,
        0.0
      ],
      [
        4.0,
        0.0,
        -28.0,
        1.0
      ]
    ],
    [
      [
        -0.50000006,
        0.0,
        0.8660254,
        0.0
      ],
      [
        0.0,
        1.0,
        0.0,
        0.0
      ],
      [
        -0.8660254,
        0.0,
        -0.50000006,
        0.0
      ],
      [
        8.0,
        0.0,
        -28.0,
        1.0
      ]
    ],
    [
      [
        1.0,
        0.0,
        0.0,
        0.0
      ],
      [
        0.0,
        1.0,
        0.0,
        0.0
      ],
      [
        -0.0,
        0.0,
        1.0,
        0.0
      ],
      [
        -8.0,
        0.0,
        -32.0,
        1.0
      ]
    ],
    [
      [
        0.8660254,
        0.0,
        0.5,
        0.0
      ],
      [
        0.0,
        1.0,
        0.0,
        0.0
      ],
      [
        -0.5,
        0.0,
        0.8660254,
        0.0
      ],
      [
        -4.0,
        0.0,
        -32.0,
        1.0
      ]
    ],
    [
      [
        0.49999997,
        0.0,
        0.86602545,
        0.0
      ],
      [
        0.0,
        1.0,
        0.0,
        0.0
      ],
      [
        -0.86602545,
        0.0,
        0.49999997,
        0.0
      ],
      [
        0.0,
        0.0,
        -32.0,
        1.0
      ]
    ],
    [
      [
        -4.371139e-8,
        0.0,
        1.0,
        0.0
      ],
      [
        0.0,
        1.0,
        0.0,
        0.0
      ],
      [
        -1.0,
        0.0,
        -4.371139e-8,
        0.0
      ],
      [
        4.0,
        0.0,
        -32.0,
        1.0
      ]
    ],
    [
      [
        -0.50000006,
        0.0,
        0.8660254,
        0.0
      ],
      [
        0.0,
        1.0,
        0.0,
        0.0
      ],
      [
        -0.8660254,
        0.0,
        -0.50000006,
        0.0
      ],
      [
        8.0,
        0.0,
        -32.0,
        1.0
      ]
    ]
  ],
  "by_kind": {
    "quaternius.giantpine_3": [
      [
        [
          0.49999997,
          0.0,
          0.86602545,
          0.0
        ],
        [
          0.0,
          1.0,
          0.0,
          0.0
        ],
        [
          -0.86602545,
          0.0,
          0.49999997,
          0.0
        ],
        [
          0.0,
          0.0,
          -20.0,
          1.0
        ]
      ]
    ],
    "quaternius.cherryblossom_1": [
      [
        [
          1.0,
          0.0,
          0.0,
          0.0
        ],
        [
          0.0,
          1.0,
          0.0,
          0.0
        ],
        [
          -0.0,
          0.0,
          1.0,
          0.0
        ],
        [
          -8.0,
          0.0,
          -8.0,
          1.0
        ]
      ]
    ],
    "quaternius.deadtree_1": [
      [
        [
          1.0,
          0.0,
          0.0,
          0.0
        ],
        [
          0.0,
          1.0,
          0.0,
          0.0
        ],
        [
          -0.0,
          0.0,
          1.0,
          0.0
        ],
        [
          -8.0,
          0.0,
          -16.0,
          1.0
        ]
      ]
    ],
    "quaternius.birch_3": [
      [
        [
          0.49999997,
          0.0,
          0.86602545,
          0.0
        ],
        [
          0.0,
          1.0,
          0.0,
          0.0
        ],
        [
          -0.86602545,
          0.0,
          0.49999997,
          0.0
        ],
        [
          0.0,
          0.0,
          -4.0,
          1.0
        ]
      ]
    ],
    "quaternius.pine_2": [
      [
        [
          0.8660254,
          0.0,
          0.5,
          0.0
        ],
        [
          0.0,
          1.0,
          0.0,
          0.0
        ],
        [
          -0.5,
          0.0,
          0.8660254,
          0.0
        ],
        [
          -4.0,
          0.0,
          -24.0,
          1.0
        ]
      ]
    ],
    "quaternius.giantpine_4": [
      [
        [
          -4.371139e-8,
          0.0,
          1.0,
          0.0
        ],
        [
          0.0,
          1.0,
          0.0,
          0.0
        ],
        [
          -1.0,
          0.0,
          -4.371139e-8,
          0.0
        ],
        [
          4.0,
          0.0,
          -20.0,
          1.0
        ]
      ]
    ],
    "quaternius.twistedtree_1": [
      [
        [
          1.0,
          0.0,
          0.0,
          0.0
        ],
        [
          0.0,
          1.0,
          0.0,
          0.0
        ],
        [
          -0.0,
          0.0,
          1.0,
          0.0
        ],
        [
          -8.0,
          0.0,
          -32.0,
          1.0
        ]
      ]
    ],
    "quaternius.twistedtree_3": [
      [
        [
          0.49999997,
          0.0,
          0.86602545,
          0.0
        ],
        [
          0.0,
          1.0,
          0.0,
          0.0
        ],
        [
          -0.86602545,
          0.0,
          0.49999997,
          0.0
        ],
        [
          0.0,
          0.0,
          -32.0,
          1.0
        ]
      ]
    ],
    "quaternius.commontree_5": [
      [
        [
          -0.50000006,
          0.0,
          0.8660254,
          0.0
        ],
        [
          0.0,
          1.0,
          0.0,
          0.0
        ],
        [
          -0.8660254,
          0.0,
          -0.50000006,
          0.0
        ],
        [
          8.0,
          0.0,
          -12.0,
          1.0
        ]
      ]
    ],
    "quaternius.giantpine_1": [
      [
        [
          1.0,
          0.0,
          0.0,
          0.0
        ],
        [
          0.0,
          1.0,
          0.0,
          0.0
        ],
        [
          -0.0,
          0.0,
          1.0,
          0.0
        ],
        [
          -8.0,
          0.0,
          -20.0,
          1.0
        ]
      ]
    ],
    "quaternius.pine_3": [
      [
        [
          0.49999997,
          0.0,
          0.86602545,
          0.0
        ],
        [
          0.0,
          1.0,
          0.0,
          0.0
        ],
        [
          -0.86602545,
          0.0,
          0.49999997,
          0.0
        ],
        [
          0.0,
          0.0,
          -24.0,
          1.0
        ]
      ]
    ],
    "quaternius.pine_4": [
      [
        [
          -4.371139e-8,
          0.0,
          1.0,
          0.0
        ],
        [
          0.0,
          1.0,
          0.0,
          0.0
        ],
        [
          -1.0,
          0.0,
          -4.371139e-8,
          0.0
        ],
        [
          4.0,
          0.0,
          -24.0,
          1.0
        ]
      ]
    ],
    "quaternius.tallthick_5": [
      [
        [
          -0.50000006,
          0.0,
          0.8660254,
          0.0
        ],
        [
          0.0,
          1.0,
          0.0,
          0.0
        ],
        [
          -0.8660254,
          0.0,
          -0.50000006,
          0.0
        ],
        [
          8.0,
          0.0,
          -28.0,
          1.0
        ]
      ]
    ],
    "quaternius.cherryblossom_2": [
      [
        [
          0.8660254,
          0.0,
          0.5,
          0.0
        ],
        [
          0.0,
          1.0,
          0.0,
          0.0
        ],
        [
          -0.5,
          0.0,
          0.8660254,
          0.0
        ],
        [
          -4.0,
          0.0,
          -8.0,
          1.0
        ]
      ]
    ],
    "quaternius.cherryblossom_5": [
      [
        [
          -0.50000006,
          0.0,
          0.8660254,
          0.0
        ],
        [
          0.0,
          1.0,
          0.0,
          0.0
        ],
        [
          -0.8660254,
          0.0,
          -0.50000006,
          0.0
        ],
        [
          8.0,
          0.0,
          -8.0,
          1.0
        ]
      ]
    ],
    "quaternius.cherryblossom_4": [
      [
        [
          -4.371139e-8,
          0.0,
          1.0,
          0.0
        ],
        [
          0.0,
          1.0,
          0.0,
          0.0
        ],
        [
          -1.0,
          0.0,
          -4.371139e-8,
          0.0
        ],
        [
          4.0,
          0.0,
          -8.0,
          1.0
        ]
      ]
    ],
    "quaternius.birch_4": [
      [
        [
          -4.371139e-8,
          0.0,
          1.0,
          0.0
        ],
        [
          0.0,
          1.0,
          0.0,
          0.0
        ],
        [
          -1.0,
          0.0,
          -4.371139e-8,
          0.0
        ],
        [
          4.0,
          0.0,
          -4.0,
          1.0
        ]
      ]
    ],
    "quaternius.deadtree_3": [
      [
        [
          0.49999997,
          0.0,
          0.86602545,
          0.0
        ],
        [
          0.0,
          1.0,
          0.0,
          0.0
        ],
        [
          -0.86602545,
          0.0,
          0.49999997,
          0.0
        ],
        [
          0.0,
          0.0,
          -16.0,
          1.0
        ]
      ]
    ],
    "quaternius.deadtree_5": [
      [
        [
          -0.50000006,
          0.0,
          0.8660254,
          0.0
        ],
        [
          0.0,
          1.0,
          0.0,
          0.0
        ],
        [
          -0.8660254,
          0.0,
          -0.50000006,
          0.0
        ],
        [
          8.0,
          0.0,
          -16.0,
          1.0
        ]
      ]
    ],
    "quaternius.commontree_3": [
      [
        [
          0.49999997,
          0.0,
          0.86602545,
          0.0
        ],
        [
          0.0,
          1.0,
          0.0,
          0.0
        ],
        [
          -0.86602545,
          0.0,
          0.49999997,
          0.0
        ],
        [
          0.0,
          0.0,
          -12.0,
          1.0
        ]
      ]
    ],
    "quaternius.birch_5": [
      [
        [
          -0.50000006,
          0.0,
          0.8660254,
          0.0
        ],
        [
          0.0,
          1.0,
          0.0,
          0.0
        ],
        [
          -0.8660254,
          0.0,
          -0.50000006,
          0.0
        ],
        [
          8.0,
          0.0,
          -4.0,
          1.0
        ]
      ]
    ],
    "quaternius.birch_1": [
      [
        [
          1.0,
          0.0,
          0.0,
          0.0
        ],
        [
          0.0,
          1.0,
          0.0,
          0.0
        ],
        [
          -0.0,
          0.0,
          1.0,
          0.0
        ],
        [
          -8.0,
          0.0,
          -4.0,
          1.0
        ]
      ]
    ],
    "quaternius.tallthick_4": [
      [
        [
          -4.371139e-8,
          0.0,
          1.0,
          0.0
        ],
        [
          0.0,
          1.0,
          0.0,
          0.0
        ],
        [
          -1.0,
          0.0,
          -4.371139e-8,
          0.0
        ],
        [
          4.0,
          0.0,
          -28.0,
          1.0
        ]
      ]
    ],
    "quaternius.twistedtree_4": [
      [
        [
          -4.371139e-8,
          0.0,
          1.0,
          0.0
        ],
        [
          0.0,
          1.0,
          0.0,
          0.0
        ],
        [
          -1.0,
          0.0,
          -4.371139e-8,
          0.0
        ],
        [
          4.0,
          0.0,
          -32.0,
          1.0
        ]
      ]
    ],
    "quaternius.commontree_1": [
      [
        [
          1.0,
          0.0,
          0.0,
          0.0
        ],
        [
          0.0,
          1.0,
          0.0,
          0.0
        ],
        [
          -0.0,
          0.0,
          1.0,
          0.0
        ],
        [
          -8.0,
          0.0,
          -12.0,
          1.0
        ]
      ]
    ],
    "quaternius.giantpine_5": [
      [
        [
          -0.50000006,
          0.0,
          0.8660254,
          0.0
        ],
        [
          0.0,
          1.0,
          0.0,
          0.0
        ],
        [
          -0.8660254,
          0.0,
          -0.50000006,
          0.0
        ],
        [
          8.0,
          0.0,
          -20.0,
          1.0
        ]
      ]
    ],
    "quaternius.tallthick_1": [
      [
        [
          1.0,
          0.0,
          0.0,
          0.0
        ],
        [
          0.0,
          1.0,
          0.0,
          0.0
        ],
        [
          -0.0,
          0.0,
          1.0,
          0.0
        ],
        [
          -8.0,
          0.0,
          -28.0,
          1.0
        ]
      ]
    ],
    "quaternius.tallthick_3": [
      [
        [
          0.49999997,
          0.0,
          0.86602545,
          0.0
        ],
        [
          0.0,
          1.0,
          0.0,
          0.0
        ],
        [
          -0.86602545,
          0.0,
          0.49999997,
          0.0
        ],
        [
          0.0,
          0.0,
          -28.0,
          1.0
        ]
      ]
    ],
    "quaternius.cherryblossom_3": [
      [
        [
          0.49999997,
          0.0,
          0.86602545,
          0.0
        ],
        [
          0.0,
          1.0,
          0.0,
          0.0
        ],
        [
          -0.86602545,
          0.0,
          0.49999997,
          0.0
        ],
        [
          0.0,
          0.0,
          -8.0,
          1.0
        ]
      ]
    ],
    "quaternius.pine_5": [
      [
        [
          -0.50000006,
          0.0,
          0.8660254,
          0.0
        ],
        [
          0.0,
          1.0,
          0.0,
          0.0
        ],
        [
          -0.8660254,
          0.0,
          -0.50000006,
          0.0
        ],
        [
          8.0,
          0.0,
          -24.0,
          1.0
        ]
      ]
    ],
    "quaternius.deadtree_2": [
      [
        [
          0.8660254,
          0.0,
          0.5,
          0.0
        ],
        [
          0.0,
          1.0,
          0.0,
          0.0
        ],
        [
          -0.5,
          0.0,
          0.8660254,
          0.0
        ],
        [
          -4.0,
          0.0,
          -16.0,
          1.0
        ]
      ]
    ],
    "quaternius.giantpine_2": [
      [
        [
          0.8660254,
          0.0,
          0.5,
          0.0
        ],
        [
          0.0,
          1.0,
          0.0,
          0.0
        ],
        [
          -0.5,
          0.0,
          0.8660254,
          0.0
        ],
        [
          -4.0,
          0.0,
          -20.0,
          1.0
        ]
      ]
    ],
    "quaternius.birch_2": [
      [
        [
          0.8660254,
          0.0,
          0.5,
          0.0
        ],
        [
          0.0,
          1.0,
          0.0,
          0.0
        ],
        [
          -0.5,
          0.0,
          0.8660254,
          0.0
        ],
        [
          -4.0,
          0.0,
          -4.0,
          1.0
        ]
      ]
    ],
    "quaternius.pine_1": [
      [
        [
          1.0,
          0.0,
          0.0,
          0.0
        ],
        [
          0.0,
          1.0,
          0.0,
          0.0
        ],
        [
          -0.0,
          0.0,
          1.0,
          0.0
        ],
        [
          -8.0,
          0.0,
          -24.0,
          1.0
        ]
      ]
    ],
    "quaternius.twistedtree_2": [
      [
        [
          0.8660254,
          0.0,
          0.5,
          0.0
        ],
        [
          0.0,
          1.0,
          0.0,
          0.0
        ],
        [
          -0.5,
          0.0,
          0.8660254,
          0.0
        ],
        [
          -4.0,
          0.0,
          -32.0,
          1.0
        ]
      ]
    ],
    "quaternius.twistedtree_5": [
      [
        [
          -0.50000006,
          0.0,
          0.8660254,
          0.0
        ],
        [
          0.0,
          1.0,
          0.0,
          0.0
        ],
        [
          -0.8660254,
          0.0,
          -0.50000006,
          0.0
        ],
        [
          8.0,
          0.0,
          -32.0,
          1.0
        ]
      ]
    ],
    "quaternius.commontree_4": [
      [
        [
          -4.371139e-8,
          0.0,
          1.0,
          0.0
        ],
        [
          0.0,
          1.0,
          0.0,
          0.0
        ],
        [
          -1.0,
          0.0,
          -4.371139e-8,
          0.0
        ],
        [
          4.0,
          0.0,
          -12.0,
          1.0
        ]
      ]
    ],
    "quaternius.deadtree_4": [
      [
        [
          -4.371139e-8,
          0.0,
          1.0,
          0.0
        ],
        [
          0.0,
          1.0,
          0.0,
          0.0
        ],
        [
          -1.0,
          0.0,
          -4.371139e-8,
          0.0
        ],
        [
          4.0,
          0.0,
          -16.0,
          1.0
        ]
      ]
    ],
    "quaternius.commontree_2": [
      [
        [
          0.8660254,
          0.0,
          0.5,
          0.0
        ],
        [
          0.0,
          1.0,
          0.0,
          0.0
        ],
        [
          -0.5,
          0.0,
          0.8660254,
          0.0
        ],
        [
          -4.0,
          0.0,
          -12.0,
          1.0
        ]
      ]
    ],
    "quaternius.tallthick_2": [
      [
        [
          0.8660254,
          0.0,
          0.5,
          0.0
        ],
        [
          0.0,
          1.0,
          0.0,
          0.0
        ],
        [
          -0.5,
          0.0,
          0.8660254,
          0.0
        ],
        [
          -4.0,
          0.0,
          -28.0,
          1.0
        ]
      ]
    ]
  }
}